100
2 1
500 300
900
660
2 1
500 300
1500
809
2 2
50 100
450 449
1100 1101
2 1
500 300
300
500
1 8
10
11 13 17 11 16 14 12 18
1 4
2
1266 1150 1192 1243
2 8
249628 252122
330836 398816 659850 949495 828744 976244 635967 549599
925060 620035 947049 458899 798998 210464 495204 912269
1 8
10
7151 5788 5000 7657 976 3189 2071 3600
2 8
6 5
6 6 66 6 6 66 6 6
5 45 5 5 5 5 45 5
2 8
175827 17510
981356 351244 516912 996328 742011 673953 873929 649218
531301 992290 996092 804358 751374 622738 845198 978369
2 4
6 9
1200 8439 7880 7073
13094 12815 9323 1800
1 2
4
880 400
1 4
5
13200 6000 3264 5865
2 6
5 3
11996 11500 11500 10934 11515 12650
6500 7409 6900 6210 7039 6900
1 4
292397
834757 907189 780727 969211
1 8
134279
893050 612175 498785 267692 856490 770794 946175 470417
2 8
2 8
2644 2821 3028 2802 2538 2520 2676 2946
12065 11033 10550 10933 11208 12408 12320 12006
2 5
48592 72864
887001 738089 875920 502891 540240
255419 912509 813382 651837 786336
2 8
7 5
18389 18184 15333 16779 17578 16361 15183 18557
11505 12155 11985 10845 12168 12756 12545 13255
2 8
2 10
800 720 846 790 844 752 806 810
4400 3830 4234 4363 4374 4050 3950 4381
2 2
7 7
14334 4620
3780 14042
2 1
825481 274305
784066
999352
2 2
10 3
23273 22500
7196 8250
1 7
7
13370 11069 712 14490 12600 9478 15400
1 8
1
2 8 8 1 11 9 5 3
2 8
9 8
99 9 99 9 9 9 9 9
8 8 8 8 72 72 8 8
1 3
1000000
899999 900001 900000
2 4
1 4
1760 1679 1743 1519
5760 6181 6501 6481
2 8
350884 270348
693438 991270 453599 468916 933188 982659 73134 819916
925731 987336 852759 820289 794931 470074 896963 942106
1 5
3
834 1505 1264 540 300
1 3
8
11200 10434 11848
1 1
157675
929823
1 3
4
22 11 44
2 1
9 9
17
18
1 7
9
55 63 81 25 68 9 36
1 5
8
10432 9517 11167 9925 9360
2 8
9 6
3953 1800 2448 990 4389 7780 6300 5940
1200 1674 540 2590 2846 3240 4200 4645
2 8
3 1
2970 5513 4200 1634 7200 3300 5394 5207
1828 1400 900 2400 547 1210 1843 1608
2 8
7 3
4454 4914 4865 5314 4482 5145 5390 5091
2090 1984 1890 2219 1908 2281 2085 2106
1 5
1
1 1 1 11 1
2 1
6 4
15180
8280
2 7
6 3
1200 2802 3758 2640 660 4200 1640
307 1080 886 2100 1847 600 1373
2 1
4 6
364
652
1 7
8
2162 4365 4000 1706 2880 5760 744
1 4
2
2603 2183 2178 2451
2 3
3 10
6972 6824 6063
20089 20783 22898
1 3
7
14553 16093 17045
2 2
6 9
2973 3000
4360 4500
2 8
4 8
44 18 23 25 8 25 18 16
47 36 32 38 50 48 16 72
2 7
7 5
9414 9100 8691 8905 9631 8465 8190
6661 6318 6953 6500 7150 6295 6875
2 8
2 4
180 2200 3791 3467 4737 3682 3387 2014
6685 7921 4400 7113 6485 440 9238 4120
1 3
10
63 21 79
2 8
10 3
20692 22281 20079 22000 21894 23827 22000 24200
7145 6943 6223 6454 6597 6600 6600 5940
2 8
3 3
18 9 9 6 17 27 3 33
18 6 17 33 3 9 9 27
2 8
21254 742523
830970 986533 158845 936042 849493 79551 779573 858925
579642 247590 966616 560435 922889 367080 579047 686654
2 8
5 10
11500 11198 1650 8421 8112 8917 3150 502
2700 23000 16401 17685 21168 16707 1046 7700
1 6
2
4348 4527 4392 3974 4609 3960
2 8
7 4
4327 4410 2638 1260 5600 2100 3550 769
392 1576 2326 880 2128 3200 1200 3080
2 8
1 3
2239 2439 2640 2400 2171 2640 2400 2605
6582 6894 7200 7200 6480 7479 6480 6874
1 4
3
3 3 3 33
2 2
7 1
4620 4613
626 540
1 1
3
21
1 8
47911
944450 544040 867930 828396 990860 818231 776902 912930
2 1
4 1
7480
1530
1 2
436140
853183 917580
1 5
235412
890597 999864 675724 877680 821398
1 8
10
2 4 7 3 8 6 1 5
2 8
8 7
54 24 88 8 88 66 24 22
21 21 60 63 52 7 21 63
2 8
8 5
4713 4344 4792 4996 5209 4651 5280 4776
2998 2700 2985 2908 3154 3135 3290 2995
1 2
7
53 37
2 6
746096 538434
888038 949721 988732 844035 55547 997711
719098 719945 348970 983578 600057 962097
2 8
2 8
3060 4596 1505 180 2094 2556 853 4400
18746 880 17600 5836 8608 10862 3231 14960
1 8
3
3 3 3 33 3 3 3 3
1 3
1
2 5 9
1 8
5
1350 1565 1500 1395 1626 1650 1396 1500
2 8
1 8
11 1 9 1 1 1 1 1
8 72 8 8 8 8 8 88
1 5
3
2393 4590 631 865 600
2 3
7 6
7 30 22
17 6 26
2 2
8 9
837 1496
1746 834
2 5
735227 797392
855762 739511 714850 488807 999705
713206 595471 506219 966728 776948
1 3
5
1000 450 1392
2 4
3 8
313 275 283 330
787 720 775 834
1 4
2
400 180 804 644
1 5
7
14630 14132 6787 3500 6023
2 8
9 1
4500 5563 13380 18048 3240 14111 24750 10921
1568 1597 440 1187 500 1943 2250 654
2 5
17685 184392
419205 997821 976557 347278 898456
998391 375670 850766 713192 439765
1 2
10
12403 11418
2 8
1 1
1000000 999999 999998 999997 999996 999995 999994 999993
999992 999991 999990 999989 999988 999987 999986 999985
2 8
5 5
3021 2000 3827 3791 1071 2250 521 1377
3538 2750 473 3287 2000 3685 1352 1033
1 5
7
50 35 28 77 35
2 5
7 10
2226 11119 7000 14490 12272
25300 18850 10000 15709 3194
1 3
2
880 1464 4393
1 7
10
21959 25698 26400 21882 21993 21600 24000
2 8
5 2
6500 6416 7150 6500 7055 6132 5850 5920
2360 2340 2679 2600 2531 2600 2860 2754
1 8
5
13238 12465 12495 11374 12485 13198 11295 12544
2 7
8 6
24 40 72 38 34 72 40
30 30 66 25 29 17 66
2 1
177248 2657
990987
923061
1 6
3
5130 979 4200 1500 2258 941
2 6
8 1
4404 768 1760 2408 4000 2974
575 180 433 95 500 322
1 7
2
413 1158 1000 880 200 1475 611
